{
 "cells": [
  {
   "cell_type": "code",
   "execution_count": 1,
   "id": "5593df88",
   "metadata": {},
   "outputs": [
    {
     "name": "stderr",
     "output_type": "stream",
     "text": [
      "/Users/xinranzhou/anaconda3/lib/python3.11/site-packages/pandas/core/arrays/masked.py:61: UserWarning: Pandas requires version '1.3.6' or newer of 'bottleneck' (version '1.3.5' currently installed).\n",
      "  from pandas.core import (\n"
     ]
    }
   ],
   "source": [
    "import pandas as pd\n",
    "import numpy as np\n",
    "import seaborn as sns\n",
    "import matplotlib.pyplot as plt\n",
    "import scorecardpy as sc\n",
    "from sklearn.model_selection import train_test_split\n",
    "import statsmodels.api as sm\n",
    "from sklearn.metrics import roc_auc_score, roc_curve\n",
    "import pickle"
   ]
  },
  {
   "cell_type": "code",
   "execution_count": 4,
   "id": "877921cf",
   "metadata": {},
   "outputs": [
    {
     "data": {
      "text/plain": [
       "Index(['ID', 'LIMIT_BAL', 'SEX', 'EDUCATION', 'MARRIAGE', 'AGE', 'PAY_0',\n",
       "       'PAY_2', 'PAY_3', 'PAY_4', 'PAY_5', 'PAY_6', 'BILL_AMT1', 'BILL_AMT2',\n",
       "       'BILL_AMT3', 'BILL_AMT4', 'BILL_AMT5', 'BILL_AMT6', 'PAY_AMT1',\n",
       "       'PAY_AMT2', 'PAY_AMT3', 'PAY_AMT4', 'PAY_AMT5', 'PAY_AMT6',\n",
       "       'default payment next month'],\n",
       "      dtype='object')"
      ]
     },
     "execution_count": 4,
     "metadata": {},
     "output_type": "execute_result"
    }
   ],
   "source": [
    "df = pd.read_excel('../data/default_credit_card.xls', header=1)\n",
    "df.columns"
   ]
  },
  {
   "cell_type": "code",
   "execution_count": 5,
   "id": "ef8a30e7",
   "metadata": {},
   "outputs": [],
   "source": [
    "#ECL = PD（违约概率） × LGD（违约损失率） × EAD（违约风险暴露）\n",
    "pay_cols = [\"PAY_0\",\"PAY_2\",\"PAY_3\",\"PAY_4\",\"PAY_5\",\"PAY_6\"]\n",
    "def status_map(x):\n",
    "    if x<=0:\n",
    "        return 'current'\n",
    "    elif x==1:\n",
    "        return 'M1' #1-30 days\n",
    "    elif x==2:\n",
    "        return 'M2' #31-60 days\n",
    "    elif x==3:\n",
    "        return 'M3' #61-90 days\n",
    "    elif x == 4:\n",
    "        return 'M4' #91-120 days(违约)\n",
    "    elif x == 5:\n",
    "        return 'M5' #121-150 days(违约)\n",
    "    else:  # x >= 6\n",
    "        return 'M6' #151+ days(严重违约)\n",
    "for col in pay_cols:\n",
    "    df[col+\"_status\"] = df[col].apply(status_map)"
   ]
  },
  {
   "cell_type": "code",
   "execution_count": 9,
   "id": "f26bfe11",
   "metadata": {},
   "outputs": [
    {
     "data": {
      "text/html": [
       "<div>\n",
       "<style scoped>\n",
       "    .dataframe tbody tr th:only-of-type {\n",
       "        vertical-align: middle;\n",
       "    }\n",
       "\n",
       "    .dataframe tbody tr th {\n",
       "        vertical-align: top;\n",
       "    }\n",
       "\n",
       "    .dataframe thead th {\n",
       "        text-align: right;\n",
       "    }\n",
       "</style>\n",
       "<table border=\"1\" class=\"dataframe\">\n",
       "  <thead>\n",
       "    <tr style=\"text-align: right;\">\n",
       "      <th></th>\n",
       "      <th>current</th>\n",
       "      <th>M1</th>\n",
       "      <th>M2</th>\n",
       "      <th>M3</th>\n",
       "      <th>M4</th>\n",
       "      <th>M5</th>\n",
       "      <th>M6</th>\n",
       "    </tr>\n",
       "  </thead>\n",
       "  <tbody>\n",
       "    <tr>\n",
       "      <th>current</th>\n",
       "      <td>22735</td>\n",
       "      <td>1836</td>\n",
       "      <td>991</td>\n",
       "      <td>0</td>\n",
       "      <td>0</td>\n",
       "      <td>0</td>\n",
       "      <td>0</td>\n",
       "    </tr>\n",
       "    <tr>\n",
       "      <th>M1</th>\n",
       "      <td>0</td>\n",
       "      <td>28</td>\n",
       "      <td>0</td>\n",
       "      <td>0</td>\n",
       "      <td>0</td>\n",
       "      <td>0</td>\n",
       "      <td>0</td>\n",
       "    </tr>\n",
       "    <tr>\n",
       "      <th>M2</th>\n",
       "      <td>392</td>\n",
       "      <td>1672</td>\n",
       "      <td>1591</td>\n",
       "      <td>272</td>\n",
       "      <td>0</td>\n",
       "      <td>0</td>\n",
       "      <td>0</td>\n",
       "    </tr>\n",
       "    <tr>\n",
       "      <th>M3</th>\n",
       "      <td>47</td>\n",
       "      <td>109</td>\n",
       "      <td>71</td>\n",
       "      <td>41</td>\n",
       "      <td>58</td>\n",
       "      <td>0</td>\n",
       "      <td>0</td>\n",
       "    </tr>\n",
       "    <tr>\n",
       "      <th>M4</th>\n",
       "      <td>5</td>\n",
       "      <td>32</td>\n",
       "      <td>14</td>\n",
       "      <td>8</td>\n",
       "      <td>15</td>\n",
       "      <td>25</td>\n",
       "      <td>0</td>\n",
       "    </tr>\n",
       "    <tr>\n",
       "      <th>M5</th>\n",
       "      <td>3</td>\n",
       "      <td>7</td>\n",
       "      <td>0</td>\n",
       "      <td>1</td>\n",
       "      <td>3</td>\n",
       "      <td>0</td>\n",
       "      <td>11</td>\n",
       "    </tr>\n",
       "    <tr>\n",
       "      <th>M6</th>\n",
       "      <td>0</td>\n",
       "      <td>4</td>\n",
       "      <td>0</td>\n",
       "      <td>0</td>\n",
       "      <td>0</td>\n",
       "      <td>1</td>\n",
       "      <td>28</td>\n",
       "    </tr>\n",
       "  </tbody>\n",
       "</table>\n",
       "</div>"
      ],
      "text/plain": [
       "         current    M1    M2   M3  M4  M5  M6\n",
       "current    22735  1836   991    0   0   0   0\n",
       "M1             0    28     0    0   0   0   0\n",
       "M2           392  1672  1591  272   0   0   0\n",
       "M3            47   109    71   41  58   0   0\n",
       "M4             5    32    14    8  15  25   0\n",
       "M5             3     7     0    1   3   0  11\n",
       "M6             0     4     0    0   0   1  28"
      ]
     },
     "execution_count": 9,
     "metadata": {},
     "output_type": "execute_result"
    }
   ],
   "source": [
    "# 统计上月(PAY_2_status)到当月(PAY_0_status)的迁徙\n",
    "transition_count = {}\n",
    "states = [\"current\",\"M1\",\"M2\",\"M3\",\"M4\",\"M5\",\"M6\"]\n",
    "trans_matrix = pd.DataFrame(0, index=states, columns=states)\n",
    "\n",
    "for idx, row in df.iterrows():\n",
    "    s_from = row[\"PAY_2_status\"]\n",
    "    s_to = row[\"PAY_0_status\"]\n",
    "    trans_matrix.loc[s_from, s_to] += 1\n",
    "trans_matrix"
   ]
  },
  {
   "cell_type": "code",
   "execution_count": 10,
   "id": "d687beb5",
   "metadata": {},
   "outputs": [
    {
     "data": {
      "text/html": [
       "<div>\n",
       "<style scoped>\n",
       "    .dataframe tbody tr th:only-of-type {\n",
       "        vertical-align: middle;\n",
       "    }\n",
       "\n",
       "    .dataframe tbody tr th {\n",
       "        vertical-align: top;\n",
       "    }\n",
       "\n",
       "    .dataframe thead th {\n",
       "        text-align: right;\n",
       "    }\n",
       "</style>\n",
       "<table border=\"1\" class=\"dataframe\">\n",
       "  <thead>\n",
       "    <tr style=\"text-align: right;\">\n",
       "      <th></th>\n",
       "      <th>current</th>\n",
       "      <th>M1</th>\n",
       "      <th>M2</th>\n",
       "      <th>M3</th>\n",
       "      <th>M4</th>\n",
       "      <th>M5</th>\n",
       "      <th>M6</th>\n",
       "    </tr>\n",
       "  </thead>\n",
       "  <tbody>\n",
       "    <tr>\n",
       "      <th>current</th>\n",
       "      <td>0.889406</td>\n",
       "      <td>0.071825</td>\n",
       "      <td>0.038768</td>\n",
       "      <td>0.000000</td>\n",
       "      <td>0.000000</td>\n",
       "      <td>0.000000</td>\n",
       "      <td>0.000000</td>\n",
       "    </tr>\n",
       "    <tr>\n",
       "      <th>M1</th>\n",
       "      <td>0.000000</td>\n",
       "      <td>1.000000</td>\n",
       "      <td>0.000000</td>\n",
       "      <td>0.000000</td>\n",
       "      <td>0.000000</td>\n",
       "      <td>0.000000</td>\n",
       "      <td>0.000000</td>\n",
       "    </tr>\n",
       "    <tr>\n",
       "      <th>M2</th>\n",
       "      <td>0.099822</td>\n",
       "      <td>0.425770</td>\n",
       "      <td>0.405144</td>\n",
       "      <td>0.069264</td>\n",
       "      <td>0.000000</td>\n",
       "      <td>0.000000</td>\n",
       "      <td>0.000000</td>\n",
       "    </tr>\n",
       "    <tr>\n",
       "      <th>M3</th>\n",
       "      <td>0.144172</td>\n",
       "      <td>0.334356</td>\n",
       "      <td>0.217791</td>\n",
       "      <td>0.125767</td>\n",
       "      <td>0.177914</td>\n",
       "      <td>0.000000</td>\n",
       "      <td>0.000000</td>\n",
       "    </tr>\n",
       "    <tr>\n",
       "      <th>M4</th>\n",
       "      <td>0.050505</td>\n",
       "      <td>0.323232</td>\n",
       "      <td>0.141414</td>\n",
       "      <td>0.080808</td>\n",
       "      <td>0.151515</td>\n",
       "      <td>0.252525</td>\n",
       "      <td>0.000000</td>\n",
       "    </tr>\n",
       "    <tr>\n",
       "      <th>M5</th>\n",
       "      <td>0.120000</td>\n",
       "      <td>0.280000</td>\n",
       "      <td>0.000000</td>\n",
       "      <td>0.040000</td>\n",
       "      <td>0.120000</td>\n",
       "      <td>0.000000</td>\n",
       "      <td>0.440000</td>\n",
       "    </tr>\n",
       "    <tr>\n",
       "      <th>M6</th>\n",
       "      <td>0.000000</td>\n",
       "      <td>0.121212</td>\n",
       "      <td>0.000000</td>\n",
       "      <td>0.000000</td>\n",
       "      <td>0.000000</td>\n",
       "      <td>0.030303</td>\n",
       "      <td>0.848485</td>\n",
       "    </tr>\n",
       "  </tbody>\n",
       "</table>\n",
       "</div>"
      ],
      "text/plain": [
       "          current        M1        M2        M3        M4        M5        M6\n",
       "current  0.889406  0.071825  0.038768  0.000000  0.000000  0.000000  0.000000\n",
       "M1       0.000000  1.000000  0.000000  0.000000  0.000000  0.000000  0.000000\n",
       "M2       0.099822  0.425770  0.405144  0.069264  0.000000  0.000000  0.000000\n",
       "M3       0.144172  0.334356  0.217791  0.125767  0.177914  0.000000  0.000000\n",
       "M4       0.050505  0.323232  0.141414  0.080808  0.151515  0.252525  0.000000\n",
       "M5       0.120000  0.280000  0.000000  0.040000  0.120000  0.000000  0.440000\n",
       "M6       0.000000  0.121212  0.000000  0.000000  0.000000  0.030303  0.848485"
      ]
     },
     "execution_count": 10,
     "metadata": {},
     "output_type": "execute_result"
    }
   ],
   "source": [
    "# 转换为概率矩阵\n",
    "trans_prob = trans_matrix.div(trans_matrix.sum(axis=1), axis=0)\n",
    "trans_prob"
   ]
  },
  {
   "cell_type": "code",
   "execution_count": null,
   "id": "a40aa7b3",
   "metadata": {},
   "outputs": [],
   "source": []
  }
 ],
 "metadata": {
  "kernelspec": {
   "display_name": "Python 3 (ipykernel)",
   "language": "python",
   "name": "python3"
  },
  "language_info": {
   "codemirror_mode": {
    "name": "ipython",
    "version": 3
   },
   "file_extension": ".py",
   "mimetype": "text/x-python",
   "name": "python",
   "nbconvert_exporter": "python",
   "pygments_lexer": "ipython3",
   "version": "3.11.5"
  }
 },
 "nbformat": 4,
 "nbformat_minor": 5
}
