{
 "cells": [
  {
   "cell_type": "code",
   "execution_count": 1,
   "id": "5593df88",
   "metadata": {},
   "outputs": [
    {
     "name": "stderr",
     "output_type": "stream",
     "text": [
      "/Users/xinranzhou/anaconda3/lib/python3.11/site-packages/pandas/core/arrays/masked.py:61: UserWarning: Pandas requires version '1.3.6' or newer of 'bottleneck' (version '1.3.5' currently installed).\n",
      "  from pandas.core import (\n"
     ]
    }
   ],
   "source": [
    "import pandas as pd\n",
    "import numpy as np\n",
    "import seaborn as sns\n",
    "import matplotlib.pyplot as plt\n",
    "import scorecardpy as sc\n",
    "from sklearn.model_selection import train_test_split\n",
    "import statsmodels.api as sm\n",
    "from sklearn.metrics import roc_auc_score, roc_curve\n",
    "import pickle"
   ]
  },
  {
   "cell_type": "code",
   "execution_count": 2,
   "id": "877921cf",
   "metadata": {},
   "outputs": [
    {
     "data": {
      "text/plain": [
       "Index(['ID', 'LIMIT_BAL', 'SEX', 'EDUCATION', 'MARRIAGE', 'AGE', 'PAY_0',\n",
       "       'PAY_2', 'PAY_3', 'PAY_4', 'PAY_5', 'PAY_6', 'BILL_AMT1', 'BILL_AMT2',\n",
       "       'BILL_AMT3', 'BILL_AMT4', 'BILL_AMT5', 'BILL_AMT6', 'PAY_AMT1',\n",
       "       'PAY_AMT2', 'PAY_AMT3', 'PAY_AMT4', 'PAY_AMT5', 'PAY_AMT6',\n",
       "       'default payment next month'],\n",
       "      dtype='object')"
      ]
     },
     "execution_count": 2,
     "metadata": {},
     "output_type": "execute_result"
    }
   ],
   "source": [
    "df = pd.read_excel('../data/default_credit_card.xls', header=1)\n",
    "df.columns"
   ]
  },
  {
   "cell_type": "code",
   "execution_count": 3,
   "id": "ef8a30e7",
   "metadata": {},
   "outputs": [],
   "source": [
    "pay_cols = [\"PAY_0\",\"PAY_2\",\"PAY_3\",\"PAY_4\",\"PAY_5\",\"PAY_6\"]\n",
    "def status_map(x):\n",
    "    if x<=0:\n",
    "        return 'current'\n",
    "    elif x==1:\n",
    "        return 'M1' #1-30 days\n",
    "    elif x==2:\n",
    "        return 'M2' #31-60 days\n",
    "    elif x==3:\n",
    "        return 'M3' #61-90 days\n",
    "    elif x == 4:\n",
    "        return 'M4' #91-120 days(违约)\n",
    "    elif x == 5:\n",
    "        return 'M5' #121-150 days(违约)\n",
    "    else:  # x >= 6\n",
    "        return 'M6' #151+ days(严重违约)\n",
    "for col in pay_cols:\n",
    "    df[col+\"_status\"] = df[col].apply(status_map)"
   ]
  },
  {
   "cell_type": "code",
   "execution_count": 4,
   "id": "f26bfe11",
   "metadata": {},
   "outputs": [
    {
     "data": {
      "text/html": [
       "<div>\n",
       "<style scoped>\n",
       "    .dataframe tbody tr th:only-of-type {\n",
       "        vertical-align: middle;\n",
       "    }\n",
       "\n",
       "    .dataframe tbody tr th {\n",
       "        vertical-align: top;\n",
       "    }\n",
       "\n",
       "    .dataframe thead th {\n",
       "        text-align: right;\n",
       "    }\n",
       "</style>\n",
       "<table border=\"1\" class=\"dataframe\">\n",
       "  <thead>\n",
       "    <tr style=\"text-align: right;\">\n",
       "      <th></th>\n",
       "      <th>current</th>\n",
       "      <th>M1</th>\n",
       "      <th>M2</th>\n",
       "      <th>M3</th>\n",
       "      <th>M4</th>\n",
       "      <th>M5</th>\n",
       "      <th>M6</th>\n",
       "    </tr>\n",
       "  </thead>\n",
       "  <tbody>\n",
       "    <tr>\n",
       "      <th>current</th>\n",
       "      <td>22735</td>\n",
       "      <td>1836</td>\n",
       "      <td>991</td>\n",
       "      <td>0</td>\n",
       "      <td>0</td>\n",
       "      <td>0</td>\n",
       "      <td>0</td>\n",
       "    </tr>\n",
       "    <tr>\n",
       "      <th>M1</th>\n",
       "      <td>0</td>\n",
       "      <td>28</td>\n",
       "      <td>0</td>\n",
       "      <td>0</td>\n",
       "      <td>0</td>\n",
       "      <td>0</td>\n",
       "      <td>0</td>\n",
       "    </tr>\n",
       "    <tr>\n",
       "      <th>M2</th>\n",
       "      <td>392</td>\n",
       "      <td>1672</td>\n",
       "      <td>1591</td>\n",
       "      <td>272</td>\n",
       "      <td>0</td>\n",
       "      <td>0</td>\n",
       "      <td>0</td>\n",
       "    </tr>\n",
       "    <tr>\n",
       "      <th>M3</th>\n",
       "      <td>47</td>\n",
       "      <td>109</td>\n",
       "      <td>71</td>\n",
       "      <td>41</td>\n",
       "      <td>58</td>\n",
       "      <td>0</td>\n",
       "      <td>0</td>\n",
       "    </tr>\n",
       "    <tr>\n",
       "      <th>M4</th>\n",
       "      <td>5</td>\n",
       "      <td>32</td>\n",
       "      <td>14</td>\n",
       "      <td>8</td>\n",
       "      <td>15</td>\n",
       "      <td>25</td>\n",
       "      <td>0</td>\n",
       "    </tr>\n",
       "    <tr>\n",
       "      <th>M5</th>\n",
       "      <td>3</td>\n",
       "      <td>7</td>\n",
       "      <td>0</td>\n",
       "      <td>1</td>\n",
       "      <td>3</td>\n",
       "      <td>0</td>\n",
       "      <td>11</td>\n",
       "    </tr>\n",
       "    <tr>\n",
       "      <th>M6</th>\n",
       "      <td>0</td>\n",
       "      <td>4</td>\n",
       "      <td>0</td>\n",
       "      <td>0</td>\n",
       "      <td>0</td>\n",
       "      <td>1</td>\n",
       "      <td>28</td>\n",
       "    </tr>\n",
       "  </tbody>\n",
       "</table>\n",
       "</div>"
      ],
      "text/plain": [
       "         current    M1    M2   M3  M4  M5  M6\n",
       "current    22735  1836   991    0   0   0   0\n",
       "M1             0    28     0    0   0   0   0\n",
       "M2           392  1672  1591  272   0   0   0\n",
       "M3            47   109    71   41  58   0   0\n",
       "M4             5    32    14    8  15  25   0\n",
       "M5             3     7     0    1   3   0  11\n",
       "M6             0     4     0    0   0   1  28"
      ]
     },
     "execution_count": 4,
     "metadata": {},
     "output_type": "execute_result"
    }
   ],
   "source": [
    "# 统计上月(PAY_2_status)到当月(PAY_0_status)的迁徙\n",
    "transition_count = {}\n",
    "states = [\"current\",\"M1\",\"M2\",\"M3\",\"M4\",\"M5\",\"M6\"]\n",
    "trans_matrix = pd.DataFrame(0, index=states, columns=states)\n",
    "\n",
    "for idx, row in df.iterrows():\n",
    "    s_from = row[\"PAY_2_status\"]\n",
    "    s_to = row[\"PAY_0_status\"]\n",
    "    trans_matrix.loc[s_from, s_to] += 1\n",
    "trans_matrix"
   ]
  },
  {
   "cell_type": "markdown",
   "id": "7a23dd6f",
   "metadata": {},
   "source": [
    "M2和M4的样本量较少(28和25)\n"
   ]
  },
  {
   "cell_type": "code",
   "execution_count": 5,
   "id": "d687beb5",
   "metadata": {},
   "outputs": [
    {
     "data": {
      "text/html": [
       "<div>\n",
       "<style scoped>\n",
       "    .dataframe tbody tr th:only-of-type {\n",
       "        vertical-align: middle;\n",
       "    }\n",
       "\n",
       "    .dataframe tbody tr th {\n",
       "        vertical-align: top;\n",
       "    }\n",
       "\n",
       "    .dataframe thead th {\n",
       "        text-align: right;\n",
       "    }\n",
       "</style>\n",
       "<table border=\"1\" class=\"dataframe\">\n",
       "  <thead>\n",
       "    <tr style=\"text-align: right;\">\n",
       "      <th></th>\n",
       "      <th>current</th>\n",
       "      <th>M1</th>\n",
       "      <th>M2</th>\n",
       "      <th>M3</th>\n",
       "      <th>M4</th>\n",
       "      <th>M5</th>\n",
       "      <th>M6</th>\n",
       "    </tr>\n",
       "  </thead>\n",
       "  <tbody>\n",
       "    <tr>\n",
       "      <th>current</th>\n",
       "      <td>0.889406</td>\n",
       "      <td>0.071825</td>\n",
       "      <td>0.038768</td>\n",
       "      <td>0.000000</td>\n",
       "      <td>0.000000</td>\n",
       "      <td>0.000000</td>\n",
       "      <td>0.000000</td>\n",
       "    </tr>\n",
       "    <tr>\n",
       "      <th>M1</th>\n",
       "      <td>0.000000</td>\n",
       "      <td>1.000000</td>\n",
       "      <td>0.000000</td>\n",
       "      <td>0.000000</td>\n",
       "      <td>0.000000</td>\n",
       "      <td>0.000000</td>\n",
       "      <td>0.000000</td>\n",
       "    </tr>\n",
       "    <tr>\n",
       "      <th>M2</th>\n",
       "      <td>0.099822</td>\n",
       "      <td>0.425770</td>\n",
       "      <td>0.405144</td>\n",
       "      <td>0.069264</td>\n",
       "      <td>0.000000</td>\n",
       "      <td>0.000000</td>\n",
       "      <td>0.000000</td>\n",
       "    </tr>\n",
       "    <tr>\n",
       "      <th>M3</th>\n",
       "      <td>0.144172</td>\n",
       "      <td>0.334356</td>\n",
       "      <td>0.217791</td>\n",
       "      <td>0.125767</td>\n",
       "      <td>0.177914</td>\n",
       "      <td>0.000000</td>\n",
       "      <td>0.000000</td>\n",
       "    </tr>\n",
       "    <tr>\n",
       "      <th>M4</th>\n",
       "      <td>0.050505</td>\n",
       "      <td>0.323232</td>\n",
       "      <td>0.141414</td>\n",
       "      <td>0.080808</td>\n",
       "      <td>0.151515</td>\n",
       "      <td>0.252525</td>\n",
       "      <td>0.000000</td>\n",
       "    </tr>\n",
       "    <tr>\n",
       "      <th>M5</th>\n",
       "      <td>0.120000</td>\n",
       "      <td>0.280000</td>\n",
       "      <td>0.000000</td>\n",
       "      <td>0.040000</td>\n",
       "      <td>0.120000</td>\n",
       "      <td>0.000000</td>\n",
       "      <td>0.440000</td>\n",
       "    </tr>\n",
       "    <tr>\n",
       "      <th>M6</th>\n",
       "      <td>0.000000</td>\n",
       "      <td>0.121212</td>\n",
       "      <td>0.000000</td>\n",
       "      <td>0.000000</td>\n",
       "      <td>0.000000</td>\n",
       "      <td>0.030303</td>\n",
       "      <td>0.848485</td>\n",
       "    </tr>\n",
       "  </tbody>\n",
       "</table>\n",
       "</div>"
      ],
      "text/plain": [
       "          current        M1        M2        M3        M4        M5        M6\n",
       "current  0.889406  0.071825  0.038768  0.000000  0.000000  0.000000  0.000000\n",
       "M1       0.000000  1.000000  0.000000  0.000000  0.000000  0.000000  0.000000\n",
       "M2       0.099822  0.425770  0.405144  0.069264  0.000000  0.000000  0.000000\n",
       "M3       0.144172  0.334356  0.217791  0.125767  0.177914  0.000000  0.000000\n",
       "M4       0.050505  0.323232  0.141414  0.080808  0.151515  0.252525  0.000000\n",
       "M5       0.120000  0.280000  0.000000  0.040000  0.120000  0.000000  0.440000\n",
       "M6       0.000000  0.121212  0.000000  0.000000  0.000000  0.030303  0.848485"
      ]
     },
     "execution_count": 5,
     "metadata": {},
     "output_type": "execute_result"
    }
   ],
   "source": [
    "# 转换为概率矩阵\n",
    "trans_prob = trans_matrix.div(trans_matrix.sum(axis=1), axis=0)\n",
    "trans_prob"
   ]
  },
  {
   "cell_type": "code",
   "execution_count": 10,
   "id": "f98b94be",
   "metadata": {},
   "outputs": [
    {
     "name": "stdout",
     "output_type": "stream",
     "text": [
      "============================================================\n",
      "迁徙矩阵分析\n",
      "============================================================\n",
      "\n",
      "1. 各状态样本量：\n",
      "   current: 25,562 个账户\n",
      "   M1: 28 个账户\n",
      "   M2: 3,927 个账户\n",
      "   M3: 326 个账户\n",
      "   M4: 99 个账户\n",
      "   M5: 25 个账户\n",
      "   M6: 33 个账户\n",
      "   • M1状态只有28个样本，概率可能不可靠\n",
      "   • M5状态有25个样本，样本量也偏小\n",
      "\n",
      "2. 恶化率：\n",
      "   current → 恶化: 11.06%\n",
      "   M1 → 恶化: 0.00%\n",
      "   M2 → 恶化: 6.93%\n",
      "   M3 → 恶化: 17.79%\n",
      "   M4 → 恶化: 25.25%\n",
      "   M5 → 恶化: 44.00%\n",
      "   • M5恶化率最高，其次是M4\n",
      "\n",
      "3. 改善率：\n",
      "   M1 → 改善: 0.00%\n",
      "   M2 → 改善: 52.56%\n",
      "   M3 → 改善: 69.63%\n",
      "   M4 → 改善: 59.60%\n",
      "   M5 → 改善: 56.00%\n",
      "   M6 → 改善: 15.15%\n",
      "   • M3改善率最高，其次是M4\n"
     ]
    }
   ],
   "source": [
    "print(\"=\"*60)\n",
    "print(\"迁徙矩阵分析\")\n",
    "print(\"=\"*60)\n",
    "\n",
    "# 1. 样本量分析\n",
    "print(\"\\n1. 各状态样本量：\")\n",
    "for state in states:\n",
    "    total = trans_matrix.loc[state].sum()\n",
    "    print(f\"   {state}: {total:,} 个账户\")\n",
    "print(f\"   • M1状态只有28个样本，概率可能不可靠\")\n",
    "print(f\"   • M5状态有25个样本，样本量也偏小\")\n",
    "\n",
    "#恶化率分析\n",
    "print(\"\\n2. 恶化率：\")\n",
    "state_rank = {state: i for i, state in enumerate(states)}\n",
    "for state in states:\n",
    "    if trans_matrix.loc[state].sum() > 0:\n",
    "        worse = 0\n",
    "        for to_state in states:\n",
    "            if state_rank[to_state] > state_rank[state]:\n",
    "                worse += trans_matrix.loc[state, to_state]\n",
    "        worse_rate = worse / trans_matrix.loc[state].sum()\n",
    "        if state != 'M6':\n",
    "            print(f\"   {state} → 恶化: {worse_rate:.2%}\")\n",
    "print(f\"   • M5恶化率最高，其次是M4\")\n",
    "\n",
    "\n",
    "#改善率分析\n",
    "print(\"\\n3. 改善率：\")\n",
    "for state in states:\n",
    "    if trans_matrix.loc[state].sum() > 0:\n",
    "        better = 0\n",
    "        for to_state in states:\n",
    "            if state_rank[to_state] < state_rank[state]:\n",
    "                better += trans_matrix.loc[state, to_state]\n",
    "        better_rate = better / trans_matrix.loc[state].sum()\n",
    "        if state != 'current':\n",
    "            print(f\"   {state} → 改善: {better_rate:.2%}\")\n",
    "print(f\"   • M3改善率最高，其次是M4\")"
   ]
  },
  {
   "cell_type": "code",
   "execution_count": 15,
   "id": "a40aa7b3",
   "metadata": {},
   "outputs": [
    {
     "name": "stdout",
     "output_type": "stream",
     "text": [
      "平滑后的迁徙概率矩阵\n",
      "         current      M1      M2      M3      M4      M5      M6\n",
      "current   0.8894  0.0718  0.0388  0.0000  0.0000  0.0000  0.0000\n",
      "M1        0.0515  0.9415  0.0059  0.0007  0.0002  0.0001  0.0001\n",
      "M2        0.0998  0.4258  0.4051  0.0693  0.0000  0.0000  0.0000\n",
      "M3        0.1442  0.3344  0.2178  0.1258  0.1779  0.0000  0.0000\n",
      "M4        0.0505  0.3232  0.1414  0.0808  0.1515  0.2525  0.0000\n",
      "M5        0.1684  0.2684  0.0066  0.0378  0.1113  0.0001  0.4075\n",
      "M6        0.0000  0.1212  0.0000  0.0000  0.0000  0.0303  0.8485\n"
     ]
    },
    {
     "name": "stderr",
     "output_type": "stream",
     "text": [
      "/var/folders/xr/kqyx90kx4yl3kskq3b0dnddh0000gn/T/ipykernel_29468/870520655.py:11: FutureWarning: Setting an item of incompatible dtype is deprecated and will raise an error in a future version of pandas. Value '1.5454666666666668' has dtype incompatible with int64, please explicitly cast to a compatible dtype first.\n",
      "  smooth_matrix.loc[state, to_state] = (\n",
      "/var/folders/xr/kqyx90kx4yl3kskq3b0dnddh0000gn/T/ipykernel_29468/870520655.py:11: FutureWarning: Setting an item of incompatible dtype is deprecated and will raise an error in a future version of pandas. Value '28.245866666666668' has dtype incompatible with int64, please explicitly cast to a compatible dtype first.\n",
      "  smooth_matrix.loc[state, to_state] = (\n",
      "/var/folders/xr/kqyx90kx4yl3kskq3b0dnddh0000gn/T/ipykernel_29468/870520655.py:11: FutureWarning: Setting an item of incompatible dtype is deprecated and will raise an error in a future version of pandas. Value '0.1778' has dtype incompatible with int64, please explicitly cast to a compatible dtype first.\n",
      "  smooth_matrix.loc[state, to_state] = (\n",
      "/var/folders/xr/kqyx90kx4yl3kskq3b0dnddh0000gn/T/ipykernel_29468/870520655.py:11: FutureWarning: Setting an item of incompatible dtype is deprecated and will raise an error in a future version of pandas. Value '0.021466666666666665' has dtype incompatible with int64, please explicitly cast to a compatible dtype first.\n",
      "  smooth_matrix.loc[state, to_state] = (\n",
      "/var/folders/xr/kqyx90kx4yl3kskq3b0dnddh0000gn/T/ipykernel_29468/870520655.py:11: FutureWarning: Setting an item of incompatible dtype is deprecated and will raise an error in a future version of pandas. Value '0.005066666666666666' has dtype incompatible with int64, please explicitly cast to a compatible dtype first.\n",
      "  smooth_matrix.loc[state, to_state] = (\n",
      "/var/folders/xr/kqyx90kx4yl3kskq3b0dnddh0000gn/T/ipykernel_29468/870520655.py:11: FutureWarning: Setting an item of incompatible dtype is deprecated and will raise an error in a future version of pandas. Value '0.0017333333333333333' has dtype incompatible with int64, please explicitly cast to a compatible dtype first.\n",
      "  smooth_matrix.loc[state, to_state] = (\n",
      "/var/folders/xr/kqyx90kx4yl3kskq3b0dnddh0000gn/T/ipykernel_29468/870520655.py:11: FutureWarning: Setting an item of incompatible dtype is deprecated and will raise an error in a future version of pandas. Value '0.0026' has dtype incompatible with int64, please explicitly cast to a compatible dtype first.\n",
      "  smooth_matrix.loc[state, to_state] = (\n"
     ]
    }
   ],
   "source": [
    "#对迁徙矩阵进行贝叶斯平滑\n",
    "def smooth_transition_matrix(trans_matrix, alpha=1.0):\n",
    "    states = trans_matrix.index.tolist()\n",
    "    smooth_matrix = trans_matrix.copy()\n",
    "    \n",
    "    for state in states:\n",
    "        total = trans_matrix.loc[state].sum()\n",
    "        if total < 30:  # 若样本量小于30，则平滑\n",
    "            global_avg = trans_matrix.sum(axis=0) / trans_matrix.sum().sum()\n",
    "            for to_state in states:\n",
    "                smooth_matrix.loc[state, to_state] = (\n",
    "                    trans_matrix.loc[state, to_state] + alpha * global_avg[to_state]\n",
    "                )\n",
    "    return smooth_matrix\n",
    "\n",
    "smooth_trans_matrix = smooth_transition_matrix(trans_matrix, alpha=2.0)\n",
    "smooth_trans_prob = smooth_trans_matrix.div(smooth_trans_matrix.sum(axis=1), axis=0)\n",
    "print(\"平滑后的迁徙概率矩阵\")\n",
    "print(smooth_trans_prob.round(4))"
   ]
  },
  {
   "cell_type": "code",
   "execution_count": 20,
   "id": "270c2f39",
   "metadata": {},
   "outputs": [
    {
     "name": "stdout",
     "output_type": "stream",
     "text": [
      "PD:\n",
      "{'current': 0.002, 'M1': 0.002, 'M2': 0.003, 'M3': 0.01, 'M4': 0.034, 'M5': 0.089, 'M6': 0.177}\n"
     ]
    }
   ],
   "source": [
    "#计算多期违约概率（PD）\n",
    "def calculate_pd_smooth(trans_prob, periods=12):\n",
    "    P = trans_prob.values\n",
    "    P_periods = np.linalg.matrix_power(P, periods)\n",
    "    default_states = ['M4', 'M5', 'M6']\n",
    "    default_indices = [states.index(s) for s in default_states]\n",
    "    \n",
    "    pd_results = {}\n",
    "    for i, state in enumerate(states):\n",
    "        pd = sum(P_periods[i, j] for j in default_indices)\n",
    "        pd_results[state] = min(pd, 1.0)\n",
    "    return pd_results\n",
    "\n",
    "pd_smooth = calculate_pd_smooth(smooth_trans_prob, periods=12)\n",
    "print(\"PD:\")\n",
    "print({k: round(v, 3) for k, v in pd_smooth.items()})"
   ]
  },
  {
   "cell_type": "code",
   "execution_count": null,
   "id": "ac31816f",
   "metadata": {},
   "outputs": [],
   "source": []
  }
 ],
 "metadata": {
  "kernelspec": {
   "display_name": "Python 3 (ipykernel)",
   "language": "python",
   "name": "python3"
  },
  "language_info": {
   "codemirror_mode": {
    "name": "ipython",
    "version": 3
   },
   "file_extension": ".py",
   "mimetype": "text/x-python",
   "name": "python",
   "nbconvert_exporter": "python",
   "pygments_lexer": "ipython3",
   "version": "3.11.5"
  }
 },
 "nbformat": 4,
 "nbformat_minor": 5
}
